00000000
00000000
00000000
00000000
00000010
00000000
00000000
00000000
00000000
00000000
00000000
00000000
00000005
00000000
00000000
00000000
00000000
00000000
00000000
00000000
0000001b
00000000
00000000
00000000
00000000
00000000
00000000
00000000
000000f8
00000000
00000000
00000000
00000000
00000000
00000000
00000000
00000024
00000000
00000000
00000000
00000000
00000000
00000000
00000000
00000009
00000000
00000000
00000000
00000000
00000000
00000000
00000000
0000ffec
00000000
00000000
00000000
00000000
00000000
00000000
00000000
00000016
00000000
00000000
00000000
00000000
00000000
00000000
00000000
0000fffc
00000000
00000000
00000000
00000000
00000000
00000000
00000000
0000ffff
00000000
00000000
00000000
00000000
00000000
00000000
00000000
0000fff5
00000000
00000000
00000000
00000000
00000000
00000000
00000000
0000fff3
00000000
00000000
00000000
00000000
00000000
00000000
00000000
00000006
00000000
00000000
00000000
00000000
00000000
00000000
00000000
0000ffef
00000000
00000000
00000000
00000000
00000000
00000000
00000000
0000ffec
00000000
00000000
00000000
00000000
00000000
00000000
00000000
0000fffb
00000000
00000000
00000000
00000000
00000000
00000000
00000000
00000015
00000000
00000000
00000000
00000000
00000000
00000000
00000000
0000fffd
00000000
00000000
00000000
00000000
00000000
00000000
00000000
0000000a
00000000
00000000
00000000
00000000
00000000
00000000
00000000
0000fff8
00000000
00000000
00000000
00000000
00000000
00000000
00000000
0000000c
00000000
00000000
00000000
00000000
00000000
00000000
00000000
0000fff5
00000000
00000000
00000000
00000000
00000000
00000000
00000000
0000fff9
00000000
00000000
00000000
00000000
00000000
00000000
00000000
0000fffc
00000000
00000000
00000000
00000000
00000000
00000000
00000000
0000ffde
00000000
00000000
00000000
00000000
00000000
00000000
00000000
00000006
00000000
00000000
00000000
00000000
00000000
00000000
00000000
00000009
00000000
00000000
00000000
00000000
00000000
00000000
00000000
0000001a
00000000
00000000
00000000
00000000
00000000
00000000
00000000
0000ffe6
00000000
00000000
00000000
00000000
00000000
00000000
00000000
00000012
00000000
00000000
00000000
00000000
00000000
00000000
00000000
0000ffe7
00000000
00000000
00000000
00000000
00000000
00000000
00000000
0000ffe6
00000000
00000000
00000000
00000000
00000000
00000000
00000000
0000001a
00000000
00000000
00000000
00000000
00000000
00000000
00000000
00000019
00000000
00000000
00000000
00000000
00000000
00000000
00000000
0000ffee
00000000
00000000
00000000
00000000
00000000
00000000
00000000
0000001a
00000000
00000000
00000000
00000000
00000000
00000000
00000000
0000ffe6
00000000
00000000
00000000
00000000
00000000
00000000
00000000
0000fff7
00000000
00000000
00000000
00000000
00000000
00000000
00000000
0000fffa
00000000
00000000
00000000
00000000
00000000
00000000
00000000
00000022
00000000
00000000
00000000
00000000
00000000
00000000
00000000
00000004
00000000
00000000
00000000
00000000
00000000
00000000
00000000
00000007
00000000
00000000
00000000
00000000
00000000
00000000
00000000
0000000b
00000000
00000000
00000000
00000000
00000000
00000000
00000000
0000fff4
00000000
00000000
00000000
00000000
00000000
00000000
00000000
00000008
00000000
00000000
00000000
00000000
00000000
00000000
00000000
0000fff6
00000000
00000000
00000000
00000000
00000000
00000000
00000000
00000003
00000000
00000000
00000000
00000000
00000000
00000000
00000000
0000ffeb
00000000
00000000
00000000
00000000
00000000
00000000
00000000
00000005
00000000
00000000
00000000
00000000
00000000
00000000
00000000
00000014
00000000
00000000
00000000
00000000
00000000
00000000
00000000
00000011
00000000
00000000
00000000
00000000
00000000
00000000
00000000
0000fffa
00000000
00000000
00000000
00000000
00000000
00000000
00000000
0000000d
00000000
00000000
00000000
00000000
00000000
00000000
00000000
0000000b
00000000
00000000
00000000
00000000
00000000
00000000
00000000
00000001
00000000
00000000
00000000
00000000
00000000
00000000
00000000
00000004
00000000
00000000
00000000
00000000
00000000
00000000
00000000
0000ffea
00000000
00000000
00000000
00000000
00000000
00000000
00000000
00000014
00000000
00000000
00000000
00000000
00000000
00000000
00000000
0000fff7
00000000
00000000
00000000
00000000
00000000
00000000
00000000
0000ffdc
00000000
00000000
00000000
00000000
00000000
00000000
00000000
0000ff08
00000000
00000000
00000000
00000000
00000000
00000000
00000000
0000ffe5
00000000
00000000
00000000
00000000
00000000
00000000
00000000
0000fffb
00000000
00000000
00000000
00000000
00000000
00000000
00000000
0000fff0
00000000
00000000
00000000
